# This is a dabg data file. Format: (bin[0-25] count \n (value \n)* \n)*
0    983
38
40
41
42
43
43
43
43
43
43
43
44
44
45
46
46
46
46
46
46
46
46
46
47
47
47
47
47
47
47
48
48
48
48
48
48
49
49
49
49
49
49
49
50
50
50
50
50
50
50
50
50
50
51
51
51
51
51
51
51
51
51
51
51
51
52
52
52
52
52
52
52
52
52
52
52
52
52
52
53
53
53
53
53
53
53
53
53
53
53
53
54
54
54
54
54
54
54
54
56
56
56
56
56
56
56
56
56
57
57
57
57
57
57
57
57
57
57
57
58
58
58
58
58
58
58
58
58
58
58
58
58
58
58
58
58
58
59
59
59
59
59
59
59
59
59
59
59
59
60
60
60
60
60
60
60
60
60
60
60
60
60
60
60
61
61
61
61
61
61
61
61
61
61
61
61
61
61
61
61
62
62
62
62
62
62
62
62
62
62
62
62
62
62
62
62
62
62
63
63
63
63
63
63
63
63
63
63
63
63
63
63
63
63
63
63
63
64
64
64
64
64
64
64
64
64
64
64
64
64
65
65
65
65
65
65
65
65
65
65
66
66
66
66
66
66
66
66
66
66
66
66
66
66
66
66
68
68
68
68
68
68
68
68
68
68
68
68
68
68
68
68
68
69
69
69
69
69
69
69
69
69
69
69
69
69
69
69
69
70
70
70
70
70
70
70
70
70
70
70
70
70
70
70
70
70
70
70
71
71
71
71
71
71
71
71
71
71
71
71
71
71
71
71
71
71
72
72
72
72
72
72
72
72
72
72
72
72
72
72
72
72
72
73
73
73
73
73
73
73
73
73
73
73
73
73
74
74
74
74
74
74
76
76
76
76
76
76
76
76
76
76
76
76
76
76
76
76
77
77
77
77
77
77
77
77
77
77
77
77
77
77
77
77
78
78
78
78
78
78
78
78
78
78
79
79
79
79
79
79
79
79
79
79
79
79
80
80
80
80
80
80
80
80
80
80
80
80
80
80
81
81
81
81
81
81
81
81
81
82
82
82
82
82
82
82
82
82
82
82
82
82
82
82
84
84
84
84
84
84
84
84
84
84
84
84
84
84
84
84
84
84
85
85
85
85
85
85
85
85
85
85
85
85
85
85
85
85
85
85
85
86
86
86
86
86
86
86
86
86
86
86
86
86
87
87
87
87
87
87
87
87
87
87
87
87
87
87
87
88
88
88
88
88
89
89
89
89
89
89
89
89
89
89
89
89
89
90
90
90
90
92
92
92
92
92
92
92
92
92
92
93
93
93
93
93
93
93
93
93
94
94
94
94
94
94
94
94
94
94
94
94
94
94
94
95
95
95
95
95
95
95
95
96
96
96
96
96
96
96
96
96
96
96
98
98
98
98
98
98
98
98
98
98
98
98
98
98
98
99
99
99
99
99
99
99
99
99
99
99
99
99
100
100
100
100
100
100
100
100
100
100
101
101
101
101
101
102
102
102
102
102
102
103
103
103
103
103
103
103
103
103
103
103
104
104
104
104
104
104
104
104
106
106
106
106
106
106
106
106
106
106
106
107
107
107
107
107
107
108
108
108
108
109
109
109
109
110
110
110
110
111
111
111
111
111
111
111
111
111
111
113
113
113
113
113
113
113
113
113
113
114
114
114
114
114
114
114
114
115
115
115
115
115
115
115
115
116
116
116
117
117
117
117
117
117
118
118
118
118
118
118
118
118
118
119
121
121
121
121
121
121
121
122
122
122
122
122
123
123
123
123
124
124
124
124
124
124
124
124
124
125
125
125
125
125
127
127
127
127
128
128
128
128
128
128
128
128
128
129
129
129
130
130
130
131
131
131
132
132
132
132
134
134
134
135
135
135
135
135
136
136
136
137
137
137
138
138
139
139
139
139
141
141
141
141
141
141
142
142
142
142
142
142
142
143
143
143
143
143
143
144
144
144
144
144
144
147
148
148
148
148
148
149
149
149
149
149
150
150
151
151
151
151
152
154
154
154
155
156
156
157
157
157
157
160
161
161
162
164
164
168
169
172
172
173
173
174
175
175
176
176
177
177
179
181
182
182
182
183
183
183
185
186
187
188
189
189
189
189
191
192
192
193
195
195
200
205
206
207
208
211
212
213
213
215
218
220
223
225
229
229
230
231
233
236
237
237
240
242
245
249
250
251
255
258
259
272
275
279
289
291
294
315
319
323
333
352
379
403
420
427
433
433
461
464
474
485
511
541
545
582
582
591
604
683
810
812
1777
1789
2533
3191
3675

1    993
40
46
47
49
49
49
49
50
50
50
50
50
50
52
52
52
52
53
53
53
53
53
54
54
54
56
56
57
57
57
57
57
57
58
58
58
58
58
59
59
59
59
59
59
59
59
59
60
60
60
60
60
61
61
61
61
61
61
61
61
61
62
62
62
62
63
63
63
63
63
63
63
63
63
64
64
64
64
64
64
64
64
65
65
65
65
65
65
65
65
65
66
66
66
66
66
66
66
66
68
68
68
68
68
68
68
68
68
68
69
69
69
69
69
69
69
69
69
69
69
69
70
70
70
70
70
70
70
70
70
70
70
70
70
70
70
71
71
71
71
71
71
71
71
71
71
72
72
72
72
72
72
73
73
73
73
73
73
73
73
73
74
74
74
74
74
74
74
74
74
74
74
74
76
76
76
76
76
76
76
77
77
77
77
77
77
77
77
77
77
78
78
78
78
78
79
79
79
79
79
79
79
79
79
79
79
80
80
80
80
80
80
81
81
81
81
81
81
81
81
81
81
82
82
82
82
82
84
84
84
84
84
84
84
84
84
84
84
85
85
85
85
85
85
85
85
85
86
86
86
86
86
86
86
86
87
87
87
87
87
87
87
87
87
87
87
88
88
88
88
88
88
88
88
89
89
89
89
89
89
89
89
89
89
89
89
89
90
90
90
90
90
90
90
90
90
90
90
90
90
92
92
92
92
92
92
92
92
92
92
92
92
92
92
92
92
93
93
93
93
93
93
93
93
93
93
93
93
93
94
94
94
94
94
94
94
94
94
95
95
95
95
95
95
95
95
95
95
95
95
95
96
96
96
96
96
96
96
96
96
96
98
98
98
98
98
98
98
98
98
98
99
99
99
99
99
99
99
99
99
99
99
99
100
100
100
100
100
100
100
100
100
100
101
101
101
101
101
101
101
101
101
101
102
102
102
102
102
103
103
103
103
103
103
103
103
104
104
104
104
104
104
104
104
104
104
104
104
106
106
106
106
106
106
106
106
106
106
106
106
107
107
107
107
108
109
109
109
109
109
109
109
110
110
110
110
110
110
110
110
110
111
111
113
113
113
113
113
113
113
113
114
114
114
114
114
115
115
115
115
115
115
115
116
116
116
116
116
116
116
117
117
117
117
118
118
118
118
118
118
119
119
119
119
119
119
121
121
121
122
122
122
122
122
122
122
123
123
123
123
123
123
124
124
124
124
125
125
125
125
125
125
127
127
127
127
127
127
127
127
127
127
127
127
127
128
128
128
128
128
128
128
129
129
129
129
129
129
129
129
129
129
130
130
130
130
131
131
131
131
131
131
132
132
132
132
132
134
134
134
135
135
135
135
136
136
136
136
136
136
136
136
137
137
137
137
137
137
137
138
138
138
138
138
138
139
139
139
141
141
141
142
142
142
142
142
142
142
143
143
143
143
143
143
144
144
144
144
144
144
144
145
147
147
148
148
148
148
149
149
149
149
149
149
149
150
150
151
151
151
152
152
152
152
152
152
152
152
154
154
154
155
155
155
155
155
156
156
156
156
157
157
157
157
157
158
158
158
158
160
160
160
160
160
161
161
161
161
162
162
162
162
163
163
163
164
164
164
165
165
165
165
167
167
167
167
167
167
168
168
168
168
168
169
169
169
170
170
172
172
172
172
172
172
173
173
173
173
174
175
175
176
176
176
176
177
177
179
179
179
179
179
179
179
181
181
181
181
181
182
182
183
183
183
183
183
185
186
187
188
188
188
189
191
192
192
193
193
193
195
195
195
196
196
196
196
198
198
199
199
199
200
200
200
201
201
202
202
202
204
205
205
207
207
207
207
208
209
209
209
212
213
214
214
214
215
215
215
217
217
220
220
220
220
221
221
221
223
224
225
225
225
226
226
227
230
230
231
231
231
232
233
233
235
235
236
236
237
237
240
242
242
244
245
245
245
246
248
248
248
249
249
249
250
251
252
255
255
256
256
257
258
259
259
261
262
264
265
268
269
269
270
270
270
272
272
275
276
276
277
277
279
279
281
282
285
290
292
294
294
294
295
296
298
298
299
302
302
303
306
306
309
309
310
310
311
315
318
320
328
333
333
333
337
338
341
345
347
351
354
355
357
359
364
364
367
368
371
381
386
387
387
391
394
396
397
406
410
417
426
428
448
453
458
462
465
497
501
504
511
523
547
551
554
559
583
591
607
607
626
668
681
703
721
731
752
762
810
848
889
907
908
934
949
959
988
1145
1169
1253
1273
1369
1575
1586
1732
1952
2214
2347
2354
2917
2927
3090
3124
6838

2    0

3    992
52
53
57
58
59
59
59
60
61
62
63
65
66
66
68
68
69
69
70
70
71
71
71
72
72
73
73
73
74
74
74
76
76
76
77
77
77
78
79
79
79
80
81
81
81
82
82
82
82
84
84
84
84
85
85
86
86
86
86
86
86
87
87
87
87
88
88
89
89
89
90
90
90
90
92
92
92
93
93
93
94
94
94
94
94
94
94
95
95
95
95
95
95
95
96
96
96
96
98
98
99
99
99
99
99
100
100
101
101
102
102
102
102
102
102
102
103
103
104
104
104
106
106
106
106
106
106
106
106
106
107
107
107
107
107
107
107
107
107
107
108
108
108
108
108
108
108
109
109
109
109
109
110
110
110
110
110
110
111
111
111
111
113
113
113
113
113
114
114
114
114
114
114
114
114
114
115
115
115
115
115
115
115
115
116
116
116
116
117
118
118
118
119
119
119
119
119
121
121
121
121
121
121
122
122
122
122
122
122
122
122
122
123
123
123
123
123
124
124
124
125
125
125
125
125
125
127
127
127
127
128
128
128
128
129
129
129
129
129
130
131
131
131
131
131
131
131
131
132
132
132
132
132
132
132
132
134
134
134
134
134
134
135
136
136
136
136
136
137
137
137
137
137
137
137
137
137
137
138
138
138
138
138
138
138
138
138
139
139
139
141
141
141
141
141
141
141
141
141
141
141
142
142
142
142
142
142
142
142
143
144
144
144
144
144
145
145
145
145
147
147
147
147
147
147
148
148
148
148
148
148
148
149
149
149
149
149
149
149
149
149
150
150
150
151
151
151
152
152
152
152
152
152
154
154
154
155
156
156
156
156
157
157
157
157
157
157
158
158
158
158
160
160
160
160
160
160
161
161
161
161
161
161
161
161
161
161
162
162
162
162
162
163
163
163
163
164
164
164
164
165
165
165
165
165
167
167
168
168
169
169
170
170
170
170
170
170
170
172
172
172
172
172
173
173
173
174
174
174
174
175
175
176
176
176
176
176
177
177
177
177
177
179
179
179
180
180
181
182
182
182
183
183
183
185
185
185
186
186
186
187
187
187
187
187
187
187
187
188
189
191
191
192
192
192
192
192
193
193
193
193
193
193
194
194
194
194
194
195
196
196
198
198
199
199
199
199
199
199
199
200
200
204
204
204
204
204
204
205
205
206
207
207
207
207
208
209
209
209
209
209
211
211
211
212
212
212
212
213
213
214
215
215
215
215
215
217
217
217
218
218
218
218
219
219
219
219
219
220
220
220
220
221
221
223
223
223
223
224
224
225
225
225
226
226
226
227
229
229
229
230
230
230
230
231
231
232
235
235
236
237
238
238
238
239
240
240
240
240
243
243
243
244
245
245
245
245
246
246
246
246
246
246
248
248
248
249
249
251
251
252
252
253
253
253
255
256
256
256
256
256
257
257
257
257
258
259
259
261
261
262
263
263
263
265
265
265
265
265
266
268
268
268
268
268
268
268
269
269
270
270
270
270
270
271
271
272
274
274
275
275
275
276
276
276
276
278
278
278
278
278
279
279
279
279
279
279
281
281
281
281
283
283
284
284
284
284
285
285
285
286
286
286
288
288
289
289
290
290
290
290
290
291
292
294
295
295
297
299
299
302
302
304
306
306
306
308
309
309
310
310
310
311
311
312
314
315
316
317
318
318
319
320
322
322
322
323
325
325
325
325
325
326
326
326
328
329
329
329
330
331
332
332
333
335
336
336
336
337
338
339
343
344
346
346
347
347
348
351
352
354
355
357
358
359
360
360
360
361
364
365
365
365
366
369
372
374
374
374
375
376
376
377
379
381
381
382
382
382
384
386
386
387
388
390
391
391
395
395
396
396
399
401
402
402
404
404
404
406
406
410
413
418
418
419
419
422
423
425
429
431
431
432
432
437
438
441
442
450
451
451
451
453
455
456
456
457
457
457
461
464
465
471
472
473
474
476
477
480
481
484
485
491
491
491
494
499
502
502
506
507
509
509
509
510
511
512
512
514
519
525
537
539
539
540
546
547
549
551
556
558
561
570
571
572
574
579
587
588
589
591
594
596
601
601
604
605
607
613
613
621
621
626
637
645
653
657
658
665
668
673
673
676
676
676
678
686
704
713
716
716
716
716
730
759
761
769
772
782
783
791
797
798
827
836
850
913
916
939
982
984
988
991
997
1000
1007
1048
1076
1081
1096
1113
1115
1147
1156
1188
1193
1253
1307
1326
1328
1330
1379
1405
1470
1509
1593
1634
1639
1886
2155
2239
2318
2379
2499
2583
2636
2757
2891
3195
3442
3808
3808

4    0

5    0

6    0

7    0

8    0

9    0

10    0

11    0

12    0

13    0

14    0

15    0

16    0

17    0

18    0

19    0

20    0

21    0

22    0

23    0

24    0

25    0

