CNV3	1	755964	799636
CNV4	1	1617778	1662463
CNV6	1	6715483	6723538
CNV10	1	8105171	8111872
CNV12	1	8128717	8131908
CNV13	1	8139670	8160390
CNV15	1	8689899	8695120
CNV22	1	10293128	10300570
CNV28	1	12768450	12805683
CNV35	1	12831824	12849694
CNV46	1	13317495	13340609
CNV48	1	15149071	15151883
CNV49	1	15361772	15362873
CNV53	1	15665011	15683808
CNV59	1	16240718	16251918
CNV60	1	16826882	16843043
CNV71	1	16884037	16920992
CNV76	1	17067742	17134834
CNV79	1	22193098	22209830
CNV81	1	22374302	22381789
CNV84	1	25465715	25534592
CNV88	1	34875241	34877078
CNV91	1	38414624	38417452
CNV94	1	38901191	38908792
CNV104	1	40738766	40742251
CNV109	1	40794659	40800800
CNV110	1	41119794	41149087
CNV113	1	43868287	43878235
CNV114	1	46016347	46023934
CNV118	1	47486248	47501675
CNV119	1	53261038	53262328
CNV120	1	55074411	55078004
CNV122	1	55496611	55496887
CNV124	1	59816510	59830867
CNV128	1	61886594	61890775
CNV134	1	62211819	62211903
CNV135	1	64517578	64518204
CNV141	1	64615315	64624133
CNV145	1	72528701	72535958
CNV147	1	72541504	72583736
CNV148	1	73454531	73483916
CNV149	1	75858230	75896652
CNV151	1	76942167	76964137
CNV158	1	77547460	77552420
CNV160	1	84668621	84670569
CNV164	1	85683879	85687990
CNV168	1	87410687	87414665
CNV174	1	89358495	89368128
CNV175	1	92351832	92357103
CNV180	1	94903354	94927987
CNV182	1	101779010	101785702
CNV183	1	102096209	102098748
CNV186	1	102174336	102184467
CNV187	1	103910761	103960907
CNV189	1	105634380	105641635
CNV194	1	105820728	105823898
CNV200	1	105936885	105938440
CNV201	1	105969819	106016548
CNV207	1	106110789	106116611
CNV209	1	107023241	107025005
CNV211	1	107457125	107465018
CNV212	1	108535758	108539019
CNV215	1	108729983	108787720
CNV216	1	109298377	109299668
CNV221	1	110025907	110044476
CNV222	1	111179088	111189749
CNV223	1	111629849	111637017
CNV225	1	111730660	111734750
CNV228	1	112497200	112498913
CNV235	1	115527711	115904155
CNV236	1	119916400	119951038
CNV243	1	146273899	146275557
CNV248	1	147303148	147526040
CNV250	1	149603323	149664502
CNV251	1	150822330	150853218
CNV253	1	150915736	150923166
CNV257	1	151028547	151035324
CNV262	1	151940298	151959872
CNV263	1	153455784	153467684
CNV267	1	153927851	153929981
CNV276	1	156756083	156756401
CNV279	1	156783620	156787041
CNV284	1	159778034	159884875
CNV286	1	159885483	159906183
CNV287	1	163688498	163690794
CNV289	1	164451105	164460994
CNV290	1	166355739	166358038
CNV296	1	167500598	167508390
CNV313	1	168634270	168653829
CNV315	1	173063179	173068463
CNV319	1	176926933	176940811
CNV320	1	177220369	177243352
CNV323	1	177597151	177599938
CNV328	1	182046713	182052162
CNV329	1	185564993	185567314
CNV332	1	187293847	187297986
CNV333	1	187353623	187359115
CNV336	1	187593758	187642270
CNV337	1	187660318	187719766
CNV340	1	187972868	188048188
CNV360	1	188236989	188253049
CNV363	1	189140954	189142767
CNV364	1	189983338	189992781
CNV368	1	190095692	190133873
CNV369	1	191927641	191976999
CNV379	1	193204702	193213877
CNV385	1	193280600	193285922
CNV386	1	193676328	193682368
CNV399	1	194997658	195068695
CNV406	1	195089940	195114094
CNV413	1	195123821	195168372
CNV415	1	195231508	195243201
CNV422	1	197215222	197223208
CNV423	1	197378049	197380463
CNV429	1	202204481	202212021
CNV430	1	208148236	208150607
CNV431	1	208453114	208454181
CNV432	1	208671369	208679147
CNV435	1	211071638	211077059
CNV437	1	212919913	212922145
CNV441	1	213560092	213565727
CNV444	1	215356748	215360951
CNV450	1	216484875	216489763
CNV451	1	219812673	219820232
CNV452	1	221083948	221090227
CNV458	1	223725840	223750819
CNV462	1	227883479	227886819
CNV463	1	227887625	227896356
CNV468	1	229602207	229609275
CNV469	1	232770219	232774658
CNV474	1	234948327	234957620
CNV493	1	235190798	235198134
CNV504	1	236918890	236922717
CNV505	1	238460638	238460762
CNV512	1	243505832	243509159
CNV513	1	243703665	243713527
CNV514	1	244095685	244103915
CNV515	1	244436220	244451533
CNV519	1	246687782	246702344
CNV521	1	246754783	246755238
CNV526	1	246815817	246863836
CNV530	1	246933867	246939281
CNV533	2	4191739	4201042
CNV534	2	4891575	4891986
CNV535	2	4895772	4896017
CNV536	2	6215763	6225305
CNV540	2	10252462	10301736
CNV548	2	10619971	10622306
CNV550	2	14623720	14627544
CNV551	2	16925212	16925669
CNV554	2	17084573	17101442
CNV555	2	18037156	18056737
CNV556	2	20192373	20200621
CNV559	2	24460486	24464632
CNV560	2	26230008	26232251
CNV564	2	29492642	29493267
CNV565	2	29495382	29497726
CNV567	2	34552823	34590561
CNV573	2	34682181	34682620
CNV574	2	34917577	34920174
CNV575	2	35435499	35458674
CNV581	2	35831294	35841451
CNV588	2	36190123	36193058
CNV591	2	36900860	36902224
CNV596	2	38727303	38730104
CNV597	2	38809366	38825785
CNV602	2	40617671	40622406
CNV603	2	40780879	40803106
CNV605	2	41091947	41099391
CNV615	2	42300861	42306117
CNV620	2	44680343	44682239
CNV624	2	46549602	46551188
CNV627	2	49389272	49394694
CNV636	2	51505529	51505613
CNV638	2	51624924	51641670
CNV641	2	52605074	52635046
CNV643	2	55177792	55183854
CNV646	2	55768294	55792083
CNV652	2	56178950	56181532
CNV655	2	56574390	56597256
CNV657	2	57255548	57295427
CNV662	2	57695546	57703179
CNV663	2	59480161	59480656
CNV668	2	64195976	64365105
CNV670	2	67614459	67619396
CNV681	2	69343217	69355966
CNV682	2	71116877	71130202
CNV687	2	71200071	71201271
CNV689	2	73729307	73782394
CNV690	2	75219698	75220115
CNV699	2	75235185	75235304
CNV703	2	75632488	75663776
CNV704	2	75675413	75767880
CNV705	2	76698681	76698934
CNV709	2	77830206	77850174
CNV712	2	78555584	78575410
CNV714	2	79184286	79195607
CNV724	2	81665692	81669805
CNV725	2	87132397	87198249
CNV726	2	87227404	87267503
CNV731	2	87367890	87376453
CNV738	2	87408824	87411772
CNV740	2	87600933	87609093
CNV741	2	87668332	87753000
CNV744	2	88093546	88111932
CNV753	2	88914239	89189769
CNV758	2	89636367	89912071
CNV761	2	95094701	95099193
CNV766	2	97194115	97210579
CNV769	2	97507179	97528142
CNV770	2	98243654	98244262
CNV778	2	101763391	101766764
CNV779	2	103760333	103770418
CNV790	2	105714544	105717641
CNV796	2	106247145	106251789
CNV797	2	107893772	108476478
CNV799	2	108944945	108952869
CNV801	2	111785250	111912704
CNV802	2	113178870	113195358
CNV822	2	114245343	114246993
CNV825	2	115112891	115117469
CNV829	2	115252786	115258540
CNV830	2	117445778	117452675
CNV833	2	117489208	117508223
CNV839	2	119762004	119766312
CNV841	2	123192888	123198711
CNV846	2	125368402	125374828
CNV847	2	128538342	128543406
CNV850	2	129354948	129356767
CNV852	2	129912571	129916004
CNV853	2	129958973	129963303
CNV865	2	130265745	130275716
CNV874	2	130510353	130539705
CNV876	2	131357910	131360298
CNV877	2	131809502	131812910
CNV878	2	131938478	131942838
CNV886	2	132997802	133000736
CNV895	2	133189998	133193035
CNV896	2	135909249	135949021
CNV898	2	138225667	138228819
CNV901	2	140738177	140743628
CNV902	2	141901923	141956969
CNV917	2	141971752	141973472
CNV925	2	146580874	146583404
CNV928	2	150739697	150745976
CNV930	2	151575599	151576313
CNV933	2	153378432	153505030
CNV934	2	155182273	155191186
CNV936	2	159418942	159438342
CNV937	2	164149178	164149914
CNV944	2	164351734	164353370
CNV950	2	172543089	172548631
CNV956	2	174249122	174254919
CNV958	2	174301193	174305814
CNV960	2	179775437	179787389
CNV969	2	180126456	180130382
CNV970	2	183325785	183342217
CNV972	2	183794037	183797391
CNV973	2	184502759	184510686
CNV975	2	184808776	184845163
CNV976	2	184965298	184973074
CNV977	2	187124447	187187586
CNV978	2	188063927	188144784
CNV980	2	189276201	189287574
CNV984	2	193004644	193010378
CNV986	2	194295401	194306617
CNV992	2	194630980	194665116
CNV1004	2	195022965	195034089
CNV1010	2	199887215	199890802
CNV1031	2	203004020	203020446
CNV1040	2	203608045	203610291
CNV1042	2	205052204	205056973
CNV1046	2	205366265	205391991
CNV1051	2	208058492	208058997
CNV1053	2	208063423	208067581
CNV1058	2	208947852	208955466
CNV1060	2	211480395	211486620
CNV1063	2	212894794	212900057
CNV1071	2	222078669	222110294
CNV1092	2	226665007	226669662
CNV1095	2	227051032	227054312
CNV1099	2	228619019	228622596
CNV1102	2	229467723	229468157
CNV1103	2	234316588	234322725
CNV1105	2	234608026	234620629
CNV1107	2	240961801	240970089
CNV1108	2	242669783	242683188
CNV1109	3	205022	207800
CNV1110	3	965750	971720
CNV1115	3	1009997	1014189
CNV1119	3	1658250	1666567
CNV1122	3	1757522	1762585
CNV1128	3	1888098	1900851
CNV1132	3	4063807	4072994
CNV1136	3	4167639	4172015
CNV1139	3	5510582	5514114
CNV1145	3	6200911	6215260
CNV1154	3	6626128	6628332
CNV1159	3	6744713	6748970
CNV1162	3	7374751	7386553
CNV1174	3	7533865	7539303
CNV1175	3	10216873	10220196
CNV1177	3	11382029	11382096
CNV1179	3	11387608	11388400
CNV1180	3	13682416	13684365
CNV1182	3	16668135	16668987
CNV1183	3	17504952	17519017
CNV1191	3	21627436	21629398
CNV1196	3	22055295	22064383
CNV1202	3	22255329	22261235
CNV1203	3	24083075	24089943
CNV1204	3	25465648	25465728
CNV1205	3	25825784	25829901
CNV1206	3	26409128	26414347
CNV1207	3	26586501	26586902
CNV1210	3	28516323	28522088
CNV1213	3	28785441	28791112
CNV1214	3	29013259	29016700
CNV1216	3	30042734	30046449
CNV1219	3	30886154	30888645
CNV1222	3	30967806	30973751
CNV1224	3	37957108	37961932
CNV1228	3	39174068	39188061
CNV1229	3	39332078	39382940
CNV1234	3	41755151	41763499
CNV1236	3	42351122	42351248
CNV1241	3	46776821	46824285
CNV1244	3	53003416	53006896
CNV1245	3	53007065	53016559
CNV1250	3	56605510	56608932
CNV1251	3	57933869	57952991
CNV1252	3	60799853	60883588
CNV1253	3	62642306	62669949
CNV1257	3	62687720	62690900
CNV1258	3	63108165	63110809
CNV1260	3	65164275	65185492
CNV1261	3	68176289	68176361
CNV1264	3	68979805	69008466
CNV1269	3	72651057	72655335
CNV1271	3	74230849	74234561
CNV1272	3	75509797	75565963
CNV1274	3	75597082	75627866
CNV1280	3	75655239	75669495
CNV1282	3	75695864	75703585
CNV1284	3	77910146	77924562
CNV1291	3	79804536	79807772
CNV1293	3	80485113	80488516
CNV1294	3	81992028	82006436
CNV1299	3	82955469	82955733
CNV1302	3	83633661	83647936
CNV1303	3	84782483	84784826
CNV1308	3	87335884	87358206
CNV1311	3	87974966	87984943
CNV1313	3	89343016	89343351
CNV1316	3	89477282	89502071
CNV1319	3	89619146	89629707
CNV1320	3	89754371	89756830
CNV1324	3	89970121	89983095
CNV1326	3	99237938	99242384
CNV1329	3	99370181	99402053
CNV1336	3	100427148	100432111
CNV1339	3	100690157	100691151
CNV1343	3	102152207	102155916
CNV1346	3	104562192	104579810
CNV1350	3	106365860	106367608
CNV1359	3	115506749	115509270
CNV1362	3	116143282	116151640
CNV1364	3	117581734	117591894
CNV1367	3	117689415	117698429
CNV1368	3	120834088	120836628
CNV1372	3	126926298	126941452
CNV1377	3	127156073	127158653
CNV1378	3	127194960	127204552
CNV1380	3	129878180	129895021
CNV1381	3	131246388	131288926
CNV1382	3	131524588	131528437
CNV1383	3	133475463	133478374
CNV1387	3	134503471	134507879
CNV1395	3	136325315	136327533
CNV1404	3	138510648	138525910
CNV1416	3	143303635	143569361
CNV1418	3	145765733	145770405
CNV1419	3	147111596	147145162
CNV1432	3	150446084	150450807
CNV1434	3	153698586	153709006
CNV1435	3	153829784	153838892
CNV1436	3	155773741	155927645
CNV1447	3	156963790	156974871
CNV1452	3	158822082	158824376
CNV1453	3	160747224	160788221
CNV1456	3	161839634	161841803
CNV1461	3	163620294	163625399
CNV1462	3	163699323	163709653
CNV1463	3	163995351	164106575
CNV1468	3	165141646	165145611
CNV1475	3	166523806	166564633
CNV1478	3	166751814	166754605
CNV1483	3	166765250	166779809
CNV1491	3	167539435	167547514
CNV1495	3	167573295	167576883
CNV1502	3	168005537	168013637
CNV1512	3	174692475	174698428
CNV1513	3	174723329	174772374
CNV1522	3	176563441	176563920
CNV1526	3	177375933	177419624
CNV1529	3	178176283	178191496
CNV1534	3	186584116	186589711
CNV1541	3	187895555	187898214
CNV1547	3	190846372	190847332
CNV1548	3	194090667	194091245
CNV1558	3	194092055	194092641
CNV1562	3	194285087	194285253
CNV1570	3	194360656	194365597
CNV1572	3	196122605	196123134
CNV1586	3	196903444	196959159
CNV1587	3	198792686	198798533
CNV1599	3	199329613	199334102
CNV1601	4	3439242	3443433
CNV1602	4	4161131	4203661
CNV1605	4	5820568	5833754
CNV1607	4	5946326	5948393
CNV1610	4	6669525	6672828
CNV1614	4	8216784	8224819
CNV1620	4	8981399	9024929
CNV1621	4	9024930	9066074
CNV1623	4	9070328	9088443
CNV1627	4	9823254	9844366
CNV1629	4	9881882	9884031
CNV1631	4	10001452	10009766
CNV1636	4	11275699	11275902
CNV1642	4	11986711	11988353
CNV1648	4	11993030	11993568
CNV1651	4	15369169	15377565
CNV1655	4	16645288	16648472
CNV1662	4	18697657	18733331
CNV1669	4	20165809	20173040
CNV1670	4	20981137	20985949
CNV1674	4	21657731	21679799
CNV1675	4	22884297	22889218
CNV1678	4	25111151	25117108
CNV1679	4	25323324	25339974
CNV1680	4	25901083	25903874
CNV1682	4	28251431	28339922
CNV1690	4	28553137	28561579
CNV1693	4	28895502	28907251
CNV1695	4	32122898	32126696
CNV1700	4	32741665	32749678
CNV1702	4	33055531	33062581
CNV1704	4	33996411	34080402
CNV1707	4	34455420	34500578
CNV1719	4	35524746	35527802
CNV1723	4	36126812	36137330
CNV1724	4	39262956	39265557
CNV1725	4	39380804	39389728
CNV1726	4	40398768	40398949
CNV1729	4	41100891	41102324
CNV1730	4	41152488	41161610
CNV1731	4	43433755	43436627
CNV1732	4	43716642	43720503
CNV1733	4	44018589	44025731
CNV1735	4	44661761	44700949
CNV1736	4	48674391	48688134
CNV1739	4	53765718	53774999
CNV1744	4	54914285	54915108
CNV1750	4	57238077	57239259
CNV1754	4	57951132	57953111
CNV1760	4	59656670	59670688
CNV1761	4	60007544	60013040
CNV1765	4	63352531	63354257
CNV1767	4	63926525	63935689
CNV1777	4	64380064	64390818
CNV1782	4	65502562	65522613
CNV1796	4	66271146	66312360
CNV1799	4	66485479	66488419
CNV1800	4	67063196	67075558
CNV1807	4	68964800	68970737
CNV1809	4	69043083	69168574
CNV1811	4	69713484	69751804
CNV1812	4	70162233	70273689
CNV1813	4	71262854	71283637
CNV1814	4	72164818	72167328
CNV1815	4	73639702	73644176
CNV1823	4	75299976	75301070
CNV1827	4	77508808	77511390
CNV1828	4	77665704	77671179
CNV1832	4	78001593	78006231
CNV1834	4	78012264	78012854
CNV1836	4	78495579	78500367
CNV1837	4	83856392	83860850
CNV1841	4	85302053	85308324
CNV1846	4	85346286	85351938
CNV1849	4	87195118	87198968
CNV1850	4	87323198	87346201
CNV1861	4	88889787	88889942
CNV1868	4	88988956	88989424
CNV1871	4	88989841	88990233
CNV1872	4	89243112	89300463
CNV1874	4	91506179	91510539
CNV1875	4	92692337	92697344
CNV1876	4	93631395	93637602
CNV1877	4	96955181	96955425
CNV1878	4	97539253	97541426
CNV1879	4	98391437	98404155
CNV1884	4	98576457	98577328
CNV1893	4	101293833	101320088
CNV1894	4	103010272	103101218
CNV1896	4	104426263	104435157
CNV1898	4	104439553	104467383
CNV1901	4	104961839	104980713
CNV1902	4	106929541	106936543
CNV1906	4	107162376	107165884
CNV1912	4	108285200	108294716
CNV1915	4	108731204	108733947
CNV1916	4	111223590	111224118
CNV1919	4	111517080	111519963
CNV1920	4	112516868	112525864
CNV1921	4	112896236	112900044
CNV1922	4	115394772	115401624
CNV1924	4	115727615	115729903
CNV1926	4	116392056	116395574
CNV1928	4	117866565	117869001
CNV1938	4	120824308	120828716
CNV1941	4	121743029	121762869
CNV1942	4	122501918	122504766
CNV1946	4	125864016	125864693
CNV1952	4	126826946	126843898
CNV1956	4	127585345	127589141
CNV1960	4	132165824	132577643
CNV1972	4	136039659	136055844
CNV1973	4	137578497	137583646
CNV1979	4	138162492	138162505
CNV1983	4	138311645	138312864
CNV1984	4	138401883	138411420
CNV1985	4	138543995	138549443
CNV1987	4	140452973	140457810
CNV2007	4	143835324	143839399
CNV2014	4	144018796	144019450
CNV2023	4	144507916	144508107
CNV2026	4	144938147	144965448
CNV2057	4	145140024	145144387
CNV2060	4	145220925	145232498
CNV2061	4	146495641	146506496
CNV2062	4	152095801	152103748
CNV2063	4	153010979	153014149
CNV2067	4	153209736	153212189
CNV2070	4	155649049	155651625
CNV2073	4	156022455	156022528
CNV2075	4	156813718	156817445
CNV2082	4	157099016	157099377
CNV2084	4	157188133	157192659
CNV2092	4	158949012	158950828
CNV2093	4	161272220	161286569
CNV2096	4	162083345	162151100
CNV2099	4	162413794	162424561
CNV2112	4	164173911	164176879
CNV2113	4	165024448	165033097
CNV2118	4	168655781	168659653
CNV2138	4	169055017	169080681
CNV2139	4	171504657	171509731
CNV2141	4	172611459	172614508
CNV2145	4	173225723	173226108
CNV2147	4	173661522	173665218
CNV2150	4	178443731	178452258
CNV2153	4	178612788	178623504
CNV2156	4	178705030	178723600
CNV2157	4	178833525	178846707
CNV2163	4	179127424	179129525
CNV2167	4	185223006	185226185
CNV2168	4	185397586	185404417
CNV2172	4	186635223	186654683
CNV2174	4	188099187	188115497
CNV2176	4	189458354	189458433
CNV2184	4	189674081	189674404
CNV2185	4	190432112	190436258
CNV2193	4	191140366	191146320
CNV2197	5	121675	169111
CNV2200	5	751505	840979
CNV2202	5	886628	928018
CNV2203	5	3400106	3402579
CNV2204	5	5732001	5733901
CNV2215	5	7230342	7242924
CNV2238	5	8755523	8800138
CNV2240	5	10580501	10584996
CNV2241	5	11181478	11184110
CNV2244	5	12868780	12879650
CNV2246	5	13256053	13388289
CNV2252	5	14365802	14369381
CNV2257	5	15772218	15773597
CNV2258	5	16178128	16178214
CNV2259	5	17400702	17409239
CNV2260	5	17563468	17568801
CNV2266	5	17644656	17698273
CNV2267	5	17864610	17865544
CNV2269	5	19264698	19267049
CNV2270	5	19315328	19323214
CNV2301	5	20472958	20480059
CNV2318	5	24814133	24817585
CNV2326	5	26027946	26034694
CNV2328	5	27561143	27561777
CNV2333	5	28254644	28258446
CNV2341	5	29661075	29670917
CNV2345	5	32142837	32194212
CNV2346	5	33556356	33582532
CNV2348	5	38180803	38184641
CNV2349	5	40371232	40387303
CNV2350	5	41267255	41277150
CNV2352	5	41607070	41617270
CNV2364	5	41623028	41630861
CNV2368	5	45989457	45998772
CNV2372	5	46231640	46235192
CNV2381	5	46306765	46309259
CNV2384	5	51465182	51467440
CNV2402	5	52440276	52445196
CNV2404	5	53725229	53729924
CNV2406	5	57361784	57369290
CNV2415	5	57992600	57994889
CNV2417	5	60608904	60612617
CNV2419	5	75467191	75486315
CNV2420	5	81385675	81438612
CNV2422	5	83794878	83813534
CNV2430	5	83985102	83990457
CNV2434	5	86151134	86154902
CNV2436	5	90650176	90656821
CNV2439	5	97098292	97119490
CNV2441	5	97142617	97146263
CNV2445	5	97512922	97517816
CNV2453	5	97961571	97963403
CNV2454	5	98117485	98123869
CNV2457	5	100580509	100676308
CNV2468	5	101201120	101210967
CNV2477	5	101214560	101234788
CNV2493	5	101259868	101308066
CNV2505	5	103989195	104003723
CNV2507	5	104464614	104506104
CNV2511	5	106257572	106261016
CNV2512	5	109419129	109419192
CNV2513	5	109503625	109515790
CNV2519	5	110937230	110938944
CNV2529	5	111717193	111717413
CNV2546	5	114235601	114238777
CNV2559	5	114734342	114748984
CNV2560	5	114784536	114787066
CNV2563	5	115624233	115653127
CNV2566	5	116169148	116176374
CNV2570	5	117416321	117416982
CNV2575	5	117833534	117885102
CNV2576	5	118726504	118729776
CNV2580	5	128695730	128769741
CNV2592	5	135329914	135362750
CNV2593	5	136146296	136161219
CNV2597	5	136525249	136527330
CNV2599	5	137836323	137843610
CNV2600	5	140204020	140223940
CNV2603	5	141998202	142000197
CNV2604	5	143386880	143390529
CNV2614	5	144474489	144474755
CNV2615	5	146375339	146377451
CNV2619	5	147307539	147318106
CNV2621	5	150185693	150198797
CNV2626	5	151495579	151498544
CNV2627	5	152668371	152672600
CNV2629	5	155409350	155415307
CNV2635	5	155509796	155522862
CNV2636	5	157013374	157052114
CNV2639	5	160473766	160482276
CNV2643	5	163106031	163113414
CNV2648	5	165772240	165782533
CNV2654	5	172013141	172095539
CNV2658	5	173633789	173635583
CNV2659	5	174368627	174371849
CNV2661	5	175409726	175583090
CNV2665	5	177090005	177131055
CNV2674	5	177160157	177165211
CNV2675	5	177781037	177785186
CNV2678	5	178042581	178045769
CNV2682	5	178662194	178863912
CNV2694	5	180109948	180125790
CNV2701	5	180311316	180350709
CNV2702	6	202353	326149
CNV2704	6	4115525	4119295
CNV2706	6	5978930	5979435
CNV2707	6	8872510	8878097
CNV2715	6	10175992	10177866
CNV2717	6	10575087	10638990
CNV2729	6	11182288	11185184
CNV2730	6	19150160	19150797
CNV2733	6	19152681	19152877
CNV2735	6	19924839	19927883
CNV2736	6	21609666	21611713
CNV2738	6	26845011	26876548
CNV2739	6	29653690	29659836
CNV10008	6	29945171	30029106
CNV10010	6	31394255	31404430
CNV10011	6	31445851	31448789
CNV10012	6	31467630	31559451
CNV10026	6	32165291	32165466
CNV10028	6	32539530	32681749
CNV10029	6	32700999	32710085
CNV10030	6	34045414	34045784
CNV10032	6	34046721	34050683
CNV10034	6	35613289	35672789
CNV10036	6	38052052	38064489
CNV10045	6	38071286	38094445
CNV10046	6	38499784	38510599
CNV10054	6	39176890	39180010
CNV10055	6	44621323	44622929
CNV10056	6	49039688	49043159
CNV10057	6	49394262	49403008
CNV10058	6	49539524	49555254
CNV10059	6	52906021	52910202
CNV10060	6	54039110	54039814
CNV10062	6	54956414	54958101
CNV10063	6	55934114	55951619
CNV10065	6	58534011	58535028
CNV10068	6	62983601	62986263
CNV10074	6	65768120	65770513
CNV10079	6	66456258	66460573
CNV10080	6	67097634	67099913
CNV10081	6	70071725	70074969
CNV10083	6	73402241	73405831
CNV10086	6	74648957	74658138
CNV10087	6	74766429	74773741
CNV10088	6	75362755	75364279
CNV10090	6	75770756	75790610
CNV10093	6	76299297	76309616
CNV10096	6	77073620	77073646
CNV10097	6	77073713	77084327
CNV10098	6	77496588	77509522
CNV10104	6	78938170	78955234
CNV10106	6	79025784	79091904
CNV10107	6	79577781	79585293
CNV10109	6	81341677	81346253
CNV10110	6	81572511	81592719
CNV10111	6	82203843	82228325
CNV10112	6	84792453	84795900
CNV10118	6	87466524	87467835
CNV10119	6	87622171	87624208
CNV10122	6	93632587	93635351
CNV10125	6	96267657	96279591
CNV10126	6	99220168	99245596
CNV10127	6	103844669	103868754
CNV10138	6	104096781	104100508
CNV10140	6	105434420	105692389
CNV10145	6	110502880	110519930
CNV10146	6	117608063	117669245
CNV10148	6	121563601	121565754
CNV10158	6	124477644	124512064
CNV10161	6	126225385	126228469
CNV10163	6	132751050	132754736
CNV10168	6	133108849	133112093
CNV10170	6	133788800	133788986
CNV10174	6	134592448	134598896
CNV10175	6	137430261	137460049
CNV10176	6	139470447	139474343
CNV10177	6	140429449	140432237
CNV10179	6	143911563	143914293
CNV10181	6	146266221	146266423
CNV10183	6	147252374	147261510
CNV10184	6	147480203	147486248
CNV10186	6	154163677	154169933
CNV10187	6	154750329	154763909
CNV10188	6	155005358	155013624
CNV10197	6	155581922	155583576
CNV10199	6	156202780	156204284
CNV10200	6	159236414	159238562
CNV10202	6	162416281	162423724
CNV10203	6	162658558	162660430
CNV10204	6	165647807	165651918
CNV10205	6	168078125	168338764
CNV10207	6	168615902	168620730
CNV10208	6	168718729	168720559
CNV10210	6	169249708	169260860
CNV10211	7	138438	163742
CNV10213	7	250145	253709
CNV10215	7	3400802	3405749
CNV10218	7	3576369	3584887
CNV10219	7	4383474	4385353
CNV10220	7	4650302	4650400
CNV10226	7	6820635	6830608
CNV10227	7	6954353	6995310
CNV10229	7	7292348	7396089
CNV10230	7	8197116	8202432
CNV10232	7	9093698	9196410
CNV10240	7	11971497	11976296
CNV10244	7	12484003	12519754
CNV10245	7	13074593	13085544
CNV10247	7	15055803	15058658
CNV10251	7	16315368	16368639
CNV10252	7	16668126	16668369
CNV10254	7	17060351	17062851
CNV10258	7	19145257	19147225
CNV10259	7	19379124	19511836
CNV10265	7	23107172	23110721
CNV10266	7	24268696	24279556
CNV10271	7	26108917	26111938
CNV10274	7	29640265	29654043
CNV10276	7	29750240	29755529
CNV10277	7	32697911	32703662
CNV10279	7	34866102	34879011
CNV10280	7	37433093	37434593
CNV10282	7	46842616	46851881
CNV10284	7	47251811	47255449
CNV10290	7	48363317	48371849
CNV10292	7	48552398	48562571
CNV10293	7	49144690	49148378
CNV10294	7	50962568	50967266
CNV10295	7	52704217	52709890
CNV10297	7	53181505	53186117
CNV10299	7	53423096	53433669
CNV10300	7	54152898	54158714
CNV10301	7	56729607	56736308
CNV10302	7	57701877	57723958
CNV10303	7	57843985	57927889
CNV10307	7	61477137	61488622
CNV10308	7	62326783	62343851
CNV10309	7	64231500	64233133
CNV10310	7	66266764	66282667
CNV10311	7	69835214	69840607
CNV10315	7	70058925	70064077
CNV10316	7	71635141	71951076
CNV10324	7	75192119	75202174
CNV10325	7	76163693	76222746
CNV10328	7	76284261	76333888
CNV10346	7	76362121	76388138
CNV10348	7	78643235	78690629
CNV10352	7	82553896	82555900
CNV10353	7	83620369	83624624
CNV10354	7	86072821	86082341
CNV10356	7	87508675	87510328
CNV10358	7	88423601	88430399
CNV10359	7	90024002	90058767
CNV10360	7	90869671	90878663
CNV10361	7	91196725	91197527
CNV10362	7	92318373	92341972
CNV10365	7	92831876	92835589
CNV10367	7	93007371	93013430
CNV10368	7	97090174	97096105
CNV10369	7	97239895	97240411
CNV10373	7	100167180	100170778
CNV10375	7	102139082	102145851
CNV10377	7	103402099	103409365
CNV10378	7	104252877	104259886
CNV10382	7	104555181	104940748
CNV10383	7	105374088	105374673
CNV10387	7	108383251	108424837
CNV10388	7	109224328	109225010
CNV10390	7	109228865	109241146
CNV10391	7	110216246	110219730
CNV10392	7	110605694	110670727
CNV10393	7	110824661	110829589
CNV10398	7	110835811	110844118
CNV10399	7	112301356	112305297
CNV10400	7	113440707	113444916
CNV10401	7	115370689	115373669
CNV10403	7	117922977	117948608
CNV10404	7	118479931	118481573
CNV10405	7	118944214	118949683
CNV10410	7	120091603	120099995
CNV10414	7	120949223	120973529
CNV10417	7	125259938	125263279
CNV10418	7	125832718	125833851
CNV10421	7	126563698	126564135
CNV10422	7	131428987	131430799
CNV10425	7	133435735	133449694
CNV10426	7	139650512	139654935
CNV10427	7	139839330	139845481
CNV10429	7	141416112	141438377
CNV10431	7	141693868	141712586
CNV10435	7	141891589	141902884
CNV10437	7	141969866	142005164
CNV10439	7	142155609	142167486
CNV10440	7	142929090	143039363
CNV10444	7	143075149	143198992
CNV10445	7	143341029	143342084
CNV10446	7	145764800	145770841
CNV10447	7	149425988	149435586
CNV10448	7	149916734	149932502
CNV10449	7	150196889	150203370
CNV10450	7	152480950	152481056
CNV10453	7	152780054	152825299
CNV10456	7	153130910	153299551
CNV10457	7	154024104	154031766
CNV10458	7	154515932	154520474
CNV10460	7	154594192	154596327
CNV10461	7	155991370	156003709
CNV10463	7	156084551	156086940
CNV10467	7	157031128	157043601
CNV10470	7	157810312	157824926
CNV10472	7	158133039	158133678
CNV10473	7	158810402	158812015
CNV10476	8	103380	397790
CNV10477	8	584944	585908
CNV10478	8	1346118	1348109
CNV10479	8	2067801	2069206
CNV10482	8	2069636	2070284
CNV10484	8	2116952	2120782
CNV10485	8	2140221	2145353
CNV10486	8	2242045	2246765
CNV10489	8	2527446	2543539
CNV10490	8	2690940	2691306
CNV10492	8	3774469	3777514
CNV10495	8	3989600	3991699
CNV10496	8	4013916	4019232
CNV10498	8	4156007	4156071
CNV10499	8	4170665	4170812
CNV10500	8	4176321	4176393
CNV10501	8	4598305	4697836
CNV10506	8	4706329	4742189
CNV10507	8	5063056	5063260
CNV10510	8	5586134	5591731
CNV10512	8	5841704	5938256
CNV10516	8	6050901	6056171
CNV10517	8	6109951	6111529
CNV10520	8	6165713	6187827
CNV10522	8	6813703	6814609
CNV10523	8	7891705	7903572
CNV10525	8	7973265	8011033
CNV10533	8	8129439	8183421
CNV10534	8	8324455	8328763
CNV10535	8	8423560	8423852
CNV10538	8	8619654	8625000
CNV10539	8	9093876	9099936
CNV10540	8	9539368	9539671
CNV10541	8	10329143	10329955
CNV10543	8	11634459	11634633
CNV10546	8	12025135	12039385
CNV10548	8	12260380	12286526
CNV10549	8	12291726	12355055
CNV10550	8	12593598	12597159
CNV10552	8	12693099	12696897
CNV10553	8	13643472	13644762
CNV10560	8	13659088	13696077
CNV10561	8	13720460	13740957
CNV10562	8	13854600	13859608
CNV10565	8	14305871	14320886
CNV10567	8	14553275	14559579
CNV10568	8	14622024	14622037
CNV10572	8	14832796	14840174
CNV10574	8	15447431	15455977
CNV10583	8	16251325	16251494
CNV10586	8	16306635	16319032
CNV10588	8	16367417	16371014
CNV10589	8	16428633	16428826
CNV10591	8	16587377	16888458
CNV10592	8	18895819	18903101
CNV10594	8	21374732	21379526
CNV10598	8	23463685	23463816
CNV10599	8	24201375	24207011
CNV10600	8	25025401	25025584
CNV10601	8	25030439	25040250
CNV10602	8	26935440	26942727
CNV10605	8	32802640	32807955
CNV10607	8	36194697	36197883
CNV10610	8	37509143	37514234
CNV10615	8	39354760	39506122
CNV10616	8	40005619	40009932
CNV10620	8	40302954	40308668
CNV10622	8	47646713	47655709
CNV10626	8	48329988	48391596
CNV10627	8	49152135	49185946
CNV10628	8	50622571	50695376
CNV10637	8	51194577	51195974
CNV10641	8	51346000	51349767
CNV10647	8	51922994	51977243
CNV10649	8	51980140	52045956
CNV10650	8	54122300	54154739
CNV10651	8	55371599	55373373
CNV10652	8	55452144	55454389
CNV10654	8	57153936	57157976
CNV10655	8	57212475	57256905
CNV10664	8	58279104	58292579
CNV10671	8	58520879	58529512
CNV10672	8	60489015	60491691
CNV10674	8	61165356	61170323
CNV10679	8	62845625	62845783
CNV10680	8	63380105	63386639
CNV10681	8	65011451	65011672
CNV10682	8	65409538	65420057
CNV10684	8	68710013	68712760
CNV10685	8	69968933	69974328
CNV10687	8	72377865	72379153
CNV10688	8	75481738	75490149
CNV10690	8	79341169	79347883
CNV10692	8	82542202	82546405
CNV10693	8	83942355	83951164
CNV10694	8	85425438	85431221
CNV10695	8	86726773	86744665
CNV10696	8	86929220	86940725
CNV10697	8	89997494	89999111
CNV10698	8	90399917	90404313
CNV10700	8	95626724	95627168
CNV10701	8	95628266	95629008
CNV10702	8	96923541	96926233
CNV10705	8	102057367	102061693
CNV10706	8	102689782	102694888
CNV10709	8	107607836	107615669
CNV10711	8	107927695	107931446
CNV10712	8	109172454	109180524
CNV10714	8	112057232	112059278
CNV10718	8	112238367	112242279
CNV10720	8	112363455	112364436
CNV10721	8	115222742	115279466
CNV10722	8	115703663	115710907
CNV10728	8	117699864	117702442
CNV10734	8	120223965	120228627
CNV10735	8	122390260	122408901
CNV10737	8	122474363	122496536
CNV10739	8	123129060	123130027
CNV10740	8	123139344	123139455
CNV10742	8	125171484	125175584
CNV10743	8	127346504	127348627
CNV10744	8	127781862	127786380
CNV10746	8	130211860	130213708
CNV10747	8	133060271	133063758
CNV10748	8	134249394	134249653
CNV10751	8	135130437	135135890
CNV10752	8	136692574	136694147
CNV10754	8	137836926	137881042
CNV10755	8	137914315	137925499
CNV10756	8	140327434	140327679
CNV10757	8	140673518	140675508
CNV10760	8	142926302	142931358
CNV10762	8	144261719	144273233
CNV10764	8	144776300	144778949
CNV10765	9	139481	264606
CNV10767	9	508099	516993
CNV10768	9	581969	592903
CNV10769	9	596699	596961
CNV10774	9	597519	598495
CNV10776	9	636036	636656
CNV10779	9	1502992	1503073
CNV10780	9	2138837	2140663
CNV10782	9	4518770	4519873
CNV10784	9	5301567	5327707
CNV10789	9	5375779	5388011
CNV10790	9	6662095	6663766
CNV10791	9	8270954	8274788
CNV10792	9	8605659	8610138
CNV10794	9	9788247	9812053
CNV10798	9	10304937	10315264
CNV10799	9	10531175	10573273
CNV10801	9	10629459	10629916
CNV10804	9	11931913	11942799
CNV10807	9	11957036	11965492
CNV10809	9	16061336	16064727
CNV10811	9	18361916	18362565
CNV10814	9	20791650	20794674
CNV10815	9	21273849	21293883
CNV10817	9	23353115	23363484
CNV10824	9	24487680	24498238
CNV10834	9	26557699	26562239
CNV10836	9	26703320	26708477
CNV10837	9	28037588	28040691
CNV10840	9	28454272	28463650
CNV10843	9	29084549	29087680
CNV10845	9	29914680	29985562
CNV10849	9	30245442	30382093
CNV10850	9	32706572	32717150
CNV10851	9	33005846	33012000
CNV10852	9	37494703	37504032
CNV10857	9	38476211	38488481
CNV10858	9	40516972	40609221
CNV10859	9	41590614	41599775
CNV10863	9	41962506	41975187
CNV10868	9	44183430	44213237
CNV10872	9	44667855	44795733
CNV10878	9	67675871	67678367
CNV10880	9	68073667	68115167
CNV10882	9	68143441	68227664
CNV10883	9	68364711	68463754
CNV10886	9	68795766	68812645
CNV10887	9	68890045	68905448
CNV10888	9	69114786	69131209
CNV10894	9	69168903	69213467
CNV10896	9	71225013	71238848
CNV10906	9	71288388	71309940
CNV10907	9	72692075	72697041
CNV10908	9	73446556	73448642
CNV10910	9	75210678	75216486
CNV10911	9	75257832	75268983
CNV10912	9	76713244	76736130
CNV10915	9	78312168	78315130
CNV10917	9	78746701	78749156
CNV10918	9	78960326	78967224
CNV10919	9	80628360	80658853
CNV10920	9	82172211	82174215
CNV10921	9	84566389	84574064
CNV10922	9	85704275	85707363
CNV10923	9	93442089	93443262
CNV10924	9	98700200	98729161
CNV10925	9	103754776	103762241
CNV10930	9	105010731	105023627
CNV10936	9	105818644	105826316
CNV10939	9	106403809	106406604
CNV10940	9	112064610	112067990
CNV10942	9	113064716	113071390
CNV10946	9	114423076	114630399
CNV10947	9	114894172	114923574
CNV10948	9	118563253	118575499
CNV10950	9	127984106	127994130
CNV10952	9	128015136	128016523
CNV10955	9	129853017	129855846
CNV10957	9	133250747	133255525
CNV10958	9	134933035	134947261
CNV10960	9	135118363	135122692
CNV10963	9	135172346	135172606
CNV10964	9	135743895	135752617
CNV10967	9	137353926	137356233
CNV10970	9	140145139	140152969
CNV10971	9	140191761	140195375
CNV10974	10	123551	133255
CNV10975	10	1853064	1909687
CNV10976	10	3297456	3297916
CNV10977	10	4280814	4281016
CNV10978	10	5705468	5757133
CNV10981	10	5943524	5945110
CNV10982	10	6697781	6704159
CNV10983	10	11145855	11150199
CNV10984	10	13090011	13090176
CNV10985	10	13096556	13098846
CNV10989	10	15710975	15714209
CNV10992	10	18793478	18800483
CNV10993	10	20331504	20363033
CNV10994	10	20890118	20893540
CNV11000	10	24201315	24206054
CNV11003	10	24417680	24419045
CNV11004	10	25768417	25768600
CNV11005	10	26726161	26729771
CNV11007	10	27265911	27268479
CNV11008	10	28604766	28609676
CNV11010	10	31291340	31291785
CNV11017	10	32290286	32306951
CNV11018	10	34557071	34562360
CNV11019	10	37861904	37861995
CNV11021	10	44731175	44732962
CNV11024	10	45049597	45051310
CNV11025	10	45392881	45396237
CNV11027	10	46401226	46426373
CNV11029	10	46449590	46475717
CNV11030	10	46551740	46790374
CNV11037	10	47012100	47122807
CNV11042	10	47131896	47165567
CNV11043	10	48212212	48214020
CNV11044	10	50674142	50680904
CNV11052	10	50783051	50800899
CNV11053	10	52061462	52063834
CNV11054	10	52875080	52881455
CNV11055	10	54599860	54609155
CNV11056	10	54789051	54812107
CNV11060	10	55042023	55127902
CNV11064	10	56122955	56138443
CNV11065	10	56191768	56199254
CNV11066	10	56353096	56362605
CNV11069	10	56700757	56706128
CNV11070	10	56849158	56852828
CNV11071	10	58186381	58196843
CNV11072	10	58410019	58421992
CNV11081	10	58516320	58519894
CNV11083	10	58572176	58606913
CNV11087	10	58762317	58762636
CNV11089	10	58880511	58880997
CNV11090	10	60524826	60575228
CNV11102	10	61034136	61035270
CNV11104	10	66105900	66109037
CNV11105	10	66852263	66856982
CNV11110	10	66977929	66984452
CNV11112	10	67001505	67006494
CNV11113	10	67013460	67013961
CNV11118	10	67944731	67948321
CNV11120	10	70229999	70232253
CNV11121	10	70282650	70292123
CNV11124	10	70709803	70723159
CNV11126	10	70952492	70952848
CNV11128	10	73532154	73535907
CNV11134	10	77927067	77930591
CNV11135	10	81053880	81055405
CNV11136	10	81475459	81486935
CNV11138	10	81552167	81587759
CNV11141	10	81775977	81780633
CNV11142	10	82871310	82879763
CNV11143	10	83874641	83878647
CNV11144	10	84400707	84421820
CNV11145	10	84702878	84707152
CNV11147	10	86728739	86737527
CNV11150	10	87791026	87798355
CNV11151	10	89060724	89084996
CNV11152	10	90932947	90938070
CNV11153	10	91988396	91992471
CNV11154	10	92915179	92923075
CNV11157	10	94153462	94160827
CNV11162	10	96859053	96859696
CNV11164	10	99824936	99827390
CNV11167	10	102212647	102260312
CNV11168	10	102345103	102352103
CNV11169	10	107047028	107049160
CNV11171	10	107607107	107673990
CNV11172	10	109122293	109122542
CNV11176	10	109824652	109840922
CNV11178	10	114102065	114106829
CNV11180	10	122760653	122766583
CNV11181	10	124331524	124341001
CNV11182	10	126060139	126064222
CNV11183	10	132208544	132210099
CNV11185	10	132989118	132992676
CNV11192	10	133497123	133508705
CNV11196	10	135092867	135146259
CNV11198	10	135178653	135227268
CNV11200	10	135250509	135356694
CNV11204	11	4206589	4293105
CNV11205	11	4466713	4518969
CNV11209	11	4924689	4933658
CNV11210	11	5228251	5230232
CNV11212	11	5478747	5480169
CNV11213	11	5744656	5765715
CNV11214	11	5828813	5839893
CNV11218	11	5842285	5892086
CNV11219	11	7769616	7798159
CNV11220	11	9391796	9397985
CNV11221	11	10922331	10938872
CNV11222	11	11258385	11262056
CNV11223	11	12293889	12293898
CNV11224	11	18905648	18918564
CNV11226	11	19448884	19450984
CNV11227	11	21149965	21166513
CNV11228	11	21671128	21679716
CNV11230	11	21760410	21798522
CNV11231	11	21804082	21805328
CNV11233	11	24400825	24406833
CNV11235	11	24926878	24944443
CNV11236	11	25040789	25042313
CNV11242	11	25090419	25250126
CNV11243	11	25384338	25390482
CNV11245	11	25565122	25584722
CNV11246	11	25663542	25675557
CNV11247	11	30129311	30137019
CNV11250	11	34177080	34179952
CNV11251	11	34870025	34876873
CNV11252	11	36605783	36607293
CNV11257	11	38414524	38419763
CNV11261	11	41295844	41303860
CNV11263	11	42769727	42774615
CNV11264	11	42926159	42927743
CNV11266	11	48729238	48740069
CNV11267	11	48843099	48849795
CNV11268	11	49044557	49060262
CNV11270	11	49264380	49317267
CNV11271	11	49667437	49714078
CNV11272	11	49716131	49717264
CNV11275	11	50050875	50081153
CNV11276	11	50172977	50256659
CNV11277	11	50300418	50339017
CNV11278	11	51209566	51213821
CNV11279	11	54458221	54514519
CNV11282	11	54722184	54793048
CNV11283	11	55130608	55209585
CNV11288	11	55217259	55258368
CNV11289	11	55280148	55303668
CNV11290	11	55355998	55356633
CNV11298	11	55445685	55582767
CNV11299	11	57401386	57405822
CNV11309	11	57608407	57612191
CNV11320	11	58567820	58610341
CNV11326	11	59371967	59382587
CNV11328	11	59985369	59985970
CNV11329	11	60709004	60711788
CNV11330	11	60724012	60772824
CNV11331	11	62001913	62003731
CNV11333	11	63372204	63398086
CNV11334	11	67396131	67419050
CNV11336	11	71155228	71159307
CNV11339	11	75820665	75825933
CNV11340	11	79650579	79659825
CNV11345	11	80076735	80077321
CNV11348	11	80550138	80556840
CNV11358	11	80575854	80583265
CNV11360	11	80663592	80694895
CNV11361	11	81189919	81194913
CNV11362	11	85567306	85576469
CNV11370	11	85983466	85983702
CNV11371	11	90207835	90210585
CNV11372	11	90545908	90552634
CNV11373	11	91463299	91463303
CNV11390	11	92344805	92346836
CNV11392	11	92610417	92612083
CNV11393	11	93337704	93341240
CNV11394	11	100883040	100887235
CNV11395	11	104429072	104436443
CNV11397	11	104455634	104477768
CNV11399	11	104555015	104572108
CNV11406	11	106743866	106744338
CNV11412	11	106843163	106852442
CNV11419	11	107158953	107176398
CNV11420	11	107289717	107292923
CNV11421	11	123592514	123601125
CNV11424	11	127838729	127840260
CNV11429	11	130707097	130710148
CNV11430	11	134085524	134108160
CNV11435	11	134119190	134132093
CNV11441	12	248989	255352
CNV11444	12	303069	414108
CNV11446	12	739370	744290
CNV11449	12	943222	949432
CNV11450	12	2116123	2122771
CNV11452	12	2124532	2128667
CNV11455	12	4213627	4218670
CNV11456	12	4259416	4259467
CNV11460	12	6407756	6453667
CNV11461	12	7895692	8015167
CNV11462	12	8253317	8269518
CNV11463	12	8449755	8475939
CNV11465	12	8902508	8905023
CNV11467	12	9524645	9619559
CNV11468	12	9753345	9766191
CNV11469	12	10474634	10487386
CNV11470	12	11113633	11132799
CNV11472	12	11403759	11434653
CNV11474	12	12428764	12433138
CNV11478	12	15459186	15464906
CNV11482	12	17481711	17491817
CNV11483	12	17853447	17856104
CNV11484	12	22088294	22089016
CNV11487	12	22139636	22140494
CNV11488	12	27539008	27542629
CNV11490	12	27986760	27988911
CNV11491	12	28656614	28658887
CNV11494	12	30128768	30135200
CNV11495	12	31264657	31293961
CNV11497	12	31791817	31801173
CNV11500	12	31944499	31949242
CNV11501	12	33192673	33198641
CNV11502	12	33270866	33286685
CNV11504	12	33614743	33623007
CNV11505	12	34099623	34107572
CNV11506	12	34147976	34153819
CNV11510	12	34206228	34694313
CNV11511	12	36340414	36394320
CNV11512	12	36565610	36578346
CNV11513	12	36947182	36955164
CNV11514	12	38589773	38601293
CNV11515	12	39103864	39107744
CNV11516	12	44192107	44195804
CNV11518	12	47011506	47011682
CNV11521	12	47963758	47972919
CNV11524	12	54764623	54764676
CNV11529	12	60488837	60497087
CNV11530	12	62225991	62406909
CNV11531	12	62687505	62691702
CNV11533	12	65249567	65257291
CNV11538	12	68797034	68805714
CNV11545	12	69158942	69164294
CNV11546	12	69785308	69796518
CNV11549	12	72277693	72283646
CNV11552	12	79349306	79352242
CNV11553	12	81766030	81767904
CNV11554	12	82684857	82685316
CNV11555	12	82687421	82689372
CNV11556	12	83237406	83241893
CNV11557	12	85225213	85236932
CNV11562	12	85937514	85950402
CNV11565	12	86055044	86057392
CNV11569	12	89015800	89016205
CNV11571	12	89416448	89422039
CNV11572	12	91161059	91171445
CNV11577	12	92721811	92725697
CNV11579	12	94330951	94331133
CNV11580	12	96401541	96401819
CNV11583	12	98319424	98322865
CNV11586	12	99460967	99468082
CNV11587	12	109718337	109720108
CNV11589	12	110462526	110464380
CNV11590	12	111638345	111638741
CNV11591	12	113116586	113122288
CNV11592	12	116533707	116535910
CNV11594	12	118473270	118475144
CNV11596	12	120020329	120022886
CNV11597	12	122681000	122761807
CNV11612	12	125388402	125395161
CNV11613	12	125566291	125570543
CNV11614	12	126141646	126151541
CNV11615	12	126158640	126170328
CNV11618	12	126200240	126200499
CNV11623	12	127796462	127798498
CNV11625	12	128624510	128626094
CNV11628	12	129714262	129716322
CNV11629	12	130254437	130289269
CNV11630	12	130360121	130362400
CNV11631	12	130382166	130391707
CNV11632	12	130466075	130524698
CNV11633	12	130680837	130686668
CNV11635	12	130698537	130699288
CNV11636	12	132228514	132288262
CNV11640	13	18041824	18165293
CNV11644	13	19363397	19367459
CNV11645	13	21994827	22004855
CNV11646	13	22443593	22451522
CNV11653	13	22523707	22523808
CNV11654	13	22530860	22531515
CNV11655	13	24061220	24071506
CNV11656	13	24407846	24413343
CNV11658	13	24573974	24581315
CNV11660	13	25108823	25124911
CNV11661	13	31430622	31436423
CNV11662	13	33266505	33266810
CNV11663	13	36210149	36252300
CNV11664	13	36970036	36982757
CNV11665	13	38645763	38649136
CNV11668	13	42103086	42123720
CNV11670	13	42497548	42501093
CNV11672	13	51756793	51788011
CNV11673	13	51995985	52003786
CNV11675	13	52257854	52261165
CNV11680	13	56656271	56676381
CNV11684	13	56708301	56721044
CNV11686	13	56767188	56786596
CNV11689	13	56842712	56848581
CNV11694	13	57488282	57495029
CNV11695	13	60611470	60616344
CNV11697	13	62216545	62527158
CNV11698	13	63122789	63134693
CNV11703	13	63227094	63303323
CNV11704	13	64198454	64209619
CNV11706	13	65094528	65103708
CNV11707	13	65986370	65986432
CNV11708	13	66235416	66237315
CNV11709	13	66411010	66425823
CNV11711	13	66945140	66954900
CNV11713	13	67219954	67226408
CNV11715	13	68149981	68166243
CNV11716	13	69640329	69670896
CNV11719	13	70314510	70328585
CNV11720	13	71375556	71378557
CNV11721	13	75007535	75015769
CNV11722	13	75509750	75510848
CNV11726	13	78101102	78105643
CNV11728	13	82686034	82690215
CNV11732	13	82821536	82825906
CNV11733	13	83022204	83030586
CNV11734	13	83059250	83081355
CNV11736	13	84446480	84453972
CNV11737	13	86475613	86484086
CNV11739	13	88594853	88637414
CNV11742	13	97701251	97740229
CNV11746	13	102826334	102839546
CNV11748	13	103074861	103076411
CNV11753	13	103076626	103076680
CNV11755	13	109471611	109473200
CNV11756	13	113255756	113255896
CNV11757	14	18521076	18539520
CNV11759	14	19270023	19493212
CNV11763	14	19591275	19609202
CNV11767	14	20034116	20041622
CNV11769	14	20419446	20479821
CNV11770	14	21119983	21125597
CNV11771	14	21462466	21462819
CNV11772	14	22164681	22169049
CNV11773	14	23528484	23528783
CNV11775	14	25832761	25849239
CNV11777	14	27738124	27740489
CNV11780	14	34767436	34788627
CNV11781	14	35741780	35744784
CNV11783	14	37869205	37870125
CNV11784	14	39940733	39942282
CNV11786	14	40541848	40555277
CNV11787	14	40680246	40727099
CNV11788	14	40885215	40927856
CNV11789	14	41936937	42030401
CNV11792	14	42665709	42669587
CNV11795	14	43571678	43600205
CNV11800	14	43688705	43691381
CNV11804	14	44895806	45085468
CNV11806	14	52877441	52877594
CNV11807	14	56849407	56851440
CNV11813	14	60901611	60909127
CNV11816	14	61035193	61053700
CNV11821	14	61725259	61734091
CNV11826	14	64085406	64089282
CNV11828	14	64804950	64812189
CNV11831	14	69088121	69092220
CNV11833	14	71877157	71879889
CNV11834	14	73070876	73090732
CNV11839	14	73101243	73120017
CNV11842	14	73639861	73667724
CNV11843	14	75417997	75418435
CNV11848	14	76922379	76924551
CNV11849	14	77856088	77861755
CNV11850	14	78230938	78235360
CNV11851	14	81705838	81708578
CNV11858	14	84634843	84635048
CNV11860	14	85356069	85381922
CNV11861	14	85530379	85558194
CNV11862	14	87468124	87492318
CNV11863	14	88923778	88925959
CNV11864	14	90327528	90335350
CNV11866	14	92909950	92924155
CNV11869	14	93388916	93401048
CNV11872	14	94008223	94008466
CNV11873	14	97199805	97207859
CNV11874	14	106231372	106248976
CNV11879	15	18415652	18454752
CNV11880	15	18524300	18838435
CNV11881	15	19199528	19438545
CNV11884	15	19803370	20089386
CNV11885	15	20232440	20646852
CNV11886	15	20659585	20675140
CNV11887	15	21192955	21222425
CNV11889	15	21606534	21610186
CNV11890	15	21809024	21826358
CNV11894	15	21937718	21985625
CNV11898	15	22029857	22065565
CNV11899	15	22161116	22202157
CNV11900	15	22226226	22269689
CNV11901	15	22276386	22297003
CNV11904	15	22329509	22343467
CNV11907	15	22620644	22635939
CNV11911	15	22972700	22981332
CNV11912	15	24987499	24992460
CNV11914	15	25591185	25601401
CNV11916	15	28235887	28289587
CNV11919	15	28377089	28536721
CNV11920	15	28738294	28768337
CNV11924	15	29798781	30027160
CNV11925	15	30028562	30034805
CNV11926	15	30291556	30299512
CNV11931	15	31693757	31696262
CNV11933	15	32376078	32378139
CNV11934	15	32487975	32617680
CNV11936	15	37375518	37379480
CNV11937	15	40191008	40194976
CNV11938	15	40208707	40221098
CNV11939	15	41680133	41682098
CNV11942	15	42919079	42933059
CNV11946	15	43012549	43021739
CNV11947	15	43524388	43536044
CNV11948	15	45995539	46001995
CNV11949	15	46402538	46426002
CNV11951	15	47439816	47471374
CNV11953	15	50053027	50060576
CNV11960	15	51572283	51572571
CNV11961	15	51987642	51989787
CNV11963	15	54577995	54588269
CNV11965	15	59475463	59485273
CNV11973	15	60248389	60254287
CNV11977	15	74127925	74131944
CNV11980	15	74678296	74682830
CNV11983	15	75447396	75460514
CNV11986	15	77335797	77340887
CNV11987	15	78310026	78313661
CNV11988	15	82331742	82334554
CNV11990	15	84142284	84151045
CNV11991	15	84312709	84322841
CNV11992	15	85472835	85487984
CNV11997	15	85707205	85711226
CNV11999	15	88306853	88311123
CNV12001	15	88433614	88579397
CNV12002	15	90389469	90407640
CNV12003	15	90446716	90446990
CNV12004	15	91605927	91621304
CNV12007	15	91656315	91667141
CNV12010	15	95062358	95065682
CNV12011	15	95618796	95633187
CNV12014	15	100175061	100286563
CNV12017	16	1260595	1289926
CNV12018	16	2646796	2669702
CNV12021	16	3051207	3063691
CNV12022	16	4162239	4190916
CNV12025	16	6598317	6628080
CNV12028	16	6717193	6742435
CNV12031	16	7863904	7864240
CNV12032	16	8062182	8064823
CNV12033	16	9729692	9730047
CNV12034	16	10299197	10304838
CNV12035	16	12573412	12576251
CNV12037	16	12598920	12599472
CNV12038	16	12607660	12614014
CNV12039	16	14897364	15016088
CNV12043	16	15148795	15324011
CNV12046	16	15888009	15931537
CNV12049	16	15979352	15985377
CNV12051	16	16540862	16598301
CNV12054	16	18501901	18585612
CNV12055	16	19853151	19874863
CNV12057	16	20420282	20440540
CNV12058	16	20453641	20464610
CNV12061	16	21422575	21498841
CNV12062	16	21695019	21735299
CNV12065	16	22465433	22612022
CNV12070	16	22896904	22903726
CNV12072	16	24974090	25044754
CNV12076	16	29040382	29041501
CNV12077	16	32054387	32307644
CNV12079	16	32340554	32542265
CNV12082	16	32806748	32823606
CNV12084	16	33208395	33618281
CNV12085	16	34324072	34374420
CNV12086	16	34374807	34614568
CNV12088	16	34879419	34916829
CNV12091	16	52967738	52977129
CNV12093	16	54353890	54379945
CNV12094	16	54399883	54420211
CNV12096	16	57504976	57505732
CNV12097	16	58640103	58654487
CNV12098	16	62636133	62671716
CNV12099	16	66492225	66495131
CNV12100	16	68709061	68755857
CNV12104	16	72329624	72335664
CNV12106	16	72953795	73009537
CNV12108	16	73803545	73806268
CNV12110	16	74115584	74133500
CNV12112	16	75224186	75226991
CNV12113	16	75758984	75780371
CNV12114	16	76617772	76628114
CNV12115	16	76857548	76918646
CNV12116	16	76929941	76942266
CNV12117	16	77319838	77327934
CNV12118	16	77617649	77620658
CNV12121	16	77818019	77832850
CNV12123	16	78148783	78153056
CNV12127	16	79460358	79471170
CNV12130	16	79536938	79537998
CNV12138	16	80395345	80398185
CNV12139	16	82447180	82449266
CNV12142	16	84847986	84848341
CNV12144	16	85082714	85083257
CNV12152	16	86671164	86672892
CNV12153	17	5901573	5903107
CNV12154	17	6047214	6073498
CNV12155	17	10702925	10707858
CNV12156	17	10975712	10976562
CNV12157	17	14984651	14995227
CNV12158	17	15483886	15487515
CNV12161	17	15591355	15614730
CNV12162	17	15617726	15635510
CNV12163	17	16598056	16665025
CNV12166	17	18296117	18405946
CNV12167	17	18539508	18543256
CNV12172	17	18636432	18642948
CNV12174	17	18876248	19034078
CNV12175	17	19440328	19479039
CNV12176	17	21767048	21772750
CNV12177	17	22768399	22781620
CNV12178	17	25204962	25206809
CNV12180	17	26040482	26043732
CNV12186	17	31461241	31509204
CNV12187	17	36457235	36463665
CNV12188	17	36510770	36528661
CNV12190	17	36641086	36647291
CNV12191	17	36676540	36684057
CNV12192	17	36764438	36776021
CNV12193	17	36786395	36790200
CNV12194	17	36920703	36936394
CNV12197	17	38794116	38795447
CNV12198	17	40941539	41004287
CNV12199	17	41006741	41015665
CNV12200	17	41521619	41719991
CNV12202	17	41756832	42107479
CNV12203	17	42501221	42508356
CNV12205	17	44090228	44139166
CNV12206	17	51515913	51527586
CNV12207	17	53567511	53569097
CNV12209	17	59652851	59657652
CNV12256	17	68304153	68306056
CNV12257	17	69257574	69259206
CNV12258	17	72728774	72743351
CNV12265	17	74879746	74900069
CNV12277	17	76219410	76228106
CNV12278	17	77006966	77007235
CNV12279	17	77987817	78012481
CNV12281	18	38133	68539
CNV12282	18	283522	294262
CNV12287	18	3784123	3907499
CNV12292	18	3907705	4095486
CNV12293	18	5918109	5923771
CNV12294	18	6738937	6828288
CNV12297	18	13120522	13123577
CNV12303	18	14583863	14594228
CNV12304	18	18308209	18319975
CNV12306	18	22619913	22620143
CNV12309	18	27287479	27288322
CNV12310	18	32508865	32513777
CNV12316	18	33787635	33791132
CNV12317	18	34911440	34920221
CNV12319	18	36514418	36519387
CNV12325	18	37634520	37686826
CNV12327	18	38191267	38191788
CNV12330	18	38310567	38311469
CNV12331	18	39135060	39157329
CNV12332	18	40019717	40030582
CNV12334	18	40230885	40232624
CNV12339	18	45251724	45257350
CNV12340	18	45361790	45361926
CNV12345	18	48610424	48613064
CNV12346	18	49461207	49464634
CNV12347	18	53433071	53470270
CNV12349	18	54081846	54086942
CNV12350	18	54629983	54648425
CNV12351	18	55803727	55815999
CNV12352	18	56068921	56073194
CNV12355	18	60570102	60570518
CNV12356	18	61355514	61355697
CNV12357	18	61788030	61791107
CNV12358	18	61878472	61879425
CNV12359	18	61980604	61984771
CNV12360	18	62058414	62062569
CNV12362	18	63110203	63118245
CNV12363	18	63455071	63466327
CNV12366	18	63949433	63959430
CNV12368	18	64156346	64267841
CNV12369	18	64897086	64904306
CNV12370	18	65358832	65368255
CNV12371	18	74392903	74395164
CNV12373	18	74763700	74765854
CNV12374	19	1268803	1269009
CNV12377	19	5461239	5464062
CNV12378	19	6805266	6833431
CNV12380	19	7357300	7360022
CNV12381	19	8256197	8271067
CNV12384	19	9135672	9139121
CNV12387	19	12377146	12407188
CNV12388	19	14776641	14783883
CNV12389	19	15641343	15652621
CNV12405	19	15661348	15685067
CNV12409	19	20388046	20513077
CNV12413	19	22216254	22218356
CNV12414	19	22325358	22358984
CNV12431	19	22788954	23437973
CNV12439	19	24252658	24256797
CNV12441	19	33052727	33056928
CNV12447	19	34029192	34031422
CNV12448	19	34999982	35000366
CNV12450	19	38610183	38898478
CNV12451	19	38902618	39204591
CNV12457	19	39835983	39838570
CNV12459	19	40355687	40356419
CNV12463	19	40541333	40553688
CNV12464	19	41537990	41539338
CNV12465	19	45066660	45073371
CNV12469	19	46042834	46072786
CNV12471	19	46143504	46205185
CNV12472	19	46668500	46699711
CNV12473	19	46751686	46754143
CNV12474	19	46879180	46883135
CNV12476	19	47986230	48149894
CNV12477	19	48248681	48288811
CNV12478	19	48316884	48335220
CNV12479	19	48394873	48448077
CNV12486	19	49588238	49630631
CNV12487	19	50542545	50583764
CNV12489	19	51650847	51653422
CNV12490	19	53881228	53897953
CNV12493	19	55949062	55957853
CNV12494	19	56834427	56840009
CNV12497	19	56975322	57309214
CNV12498	19	58019782	58045481
CNV12499	19	58210563	58244245
CNV12503	19	59048235	59059982
CNV12504	19	59422012	59433131
CNV12505	19	59477769	59491563
CNV12506	19	59989695	60018421
CNV12508	19	60038942	60039779
CNV12509	19	60959856	60969865
CNV12515	19	60974181	60974879
CNV12516	19	61405760	61414571
CNV12526	19	61551396	61556644
CNV12527	19	61896070	61903319
CNV12531	19	62165323	62171290
CNV12532	20	860571	862418
CNV12533	20	1505219	1508562
CNV12534	20	1509580	1541893
CNV12535	20	3985528	3988740
CNV12537	20	4394568	4398987
CNV12540	20	11754356	11935584
CNV12541	20	12005154	12115439
CNV12542	20	12138024	12150609
CNV12545	20	12184008	12231240
CNV12546	20	12597062	12608665
CNV12548	20	14376080	14390471
CNV12549	20	14425907	14426523
CNV12550	20	14729685	14778480
CNV12552	20	15259370	15265974
CNV12555	20	16516058	16534634
CNV12556	20	24366791	24372700
CNV12557	20	26228601	26245208
CNV12561	20	28034013	28119552
CNV12565	20	38078172	38080421
CNV12567	20	40689222	40710509
CNV12568	20	42709201	42711464
CNV12571	20	45213513	45222336
CNV12572	20	52081215	52092058
CNV12574	20	58547104	58556092
CNV12575	20	58831790	58841969
CNV12576	20	59003765	59023478
CNV12580	20	62425139	62426597
CNV12582	21	9758742	9965425
CNV12584	21	13374733	13463240
CNV12586	21	13516106	14070004
CNV12587	21	15546277	15550528
CNV12588	21	20722523	20757493
CNV12589	21	20927716	20932562
CNV12595	21	22577638	22586527
CNV12599	21	23098732	23132654
CNV12601	21	23351419	23355207
CNV12605	21	24218044	24221560
CNV12607	21	24474884	24475002
CNV12610	21	26097651	26100417
CNV12614	21	27121939	27122593
CNV12616	21	30561523	30564727
CNV12617	21	31354121	31356175
CNV12618	21	37074060	37078419
CNV12619	21	39656792	39658882
CNV12621	21	43652457	43655716
CNV12622	21	43794765	43797240
CNV12624	21	44062480	44064568
CNV12634	21	44151002	44156936
CNV12635	21	45599902	45603200
CNV12636	21	46124542	46128200
CNV12637	22	14492001	14619487
CNV12638	22	14741969	14790179
CNV12640	22	14870976	15029985
CNV12641	22	16966407	16966757
CNV12644	22	17006129	17009149
CNV12645	22	17190110	17276085
CNV12650	22	17288643	17386124
CNV12652	22	19229389	19233382
CNV12657	22	19786517	19795835
CNV12658	22	20055998	20175294
CNV12659	22	20716438	20721593
CNV12660	22	22251198	22309219
CNV12669	22	22613016	22670785
CNV12670	22	22680529	22726814
CNV12671	22	23993985	24140975
CNV12674	22	24181033	24248712
CNV12675	22	28200312	28200375
CNV12677	22	33625394	33628709
CNV12679	22	35273727	35278691
CNV12684	22	37625201	37626850
CNV12687	22	37693565	37705253
CNV12693	22	41234550	41276824
CNV12697	22	48096063	48098447
CNV12698	22	49319974	49319982
CNV12699	X	2762558	2770137
CNV12700	X	3974707	3979273
CNV12702	X	4250682	4261354
CNV12710	X	7371323	7494733
CNV12712	X	8041557	8042454
CNV12713	X	13386706	13392612
CNV12714	X	16382145	16387877
CNV12715	X	32897375	32898179
CNV12717	X	33120410	33123766
CNV12719	X	35540930	35543706
CNV12720	X	47765101	47865818
CNV12721	X	55719384	55724281
CNV12724	X	56678637	56689430
CNV12727	X	56966487	56973522
CNV12729	X	62326978	62327066
CNV12734	X	62374362	62422551
CNV12735	X	63642592	63651585
CNV12736	X	67037818	67047083
CNV12740	X	76053855	76057477
CNV12742	X	81283429	81298800
CNV12743	X	90857162	90858396
CNV12744	X	93309217	93316230
CNV12747	X	96862215	96862550
CNV12751	X	103148581	103149859
CNV12754	X	108787960	108787962
CNV12758	X	109825336	109826953
CNV12762	X	115051983	115064666
CNV12764	X	118919168	118941320
CNV12765	X	139324076	139328860
CNV12766	X	146159627	146159778
CNV12769	X	146651390	146655904
CNV12770	X	148452463	148462404
CNV12773	X	148692078	148789418
CNV12774	X	154433135	154433876
CNV12778	Y	6604489	6629337
CNV12779	Y	22771258	22874762
CNV12780	Y	22919906	22926380
CNV12781	Y	23920276	24298294
CNV12782	Y	24377178	24639899
CNV12783	Y	24720477	25412124
CNV12785	Y	25450517	26584649
CNV12786	Y	26687080	26847931
CNV12787			
CNV12788			
CNV12789			
CNV12790			
CNV12791			
CNV12792			
CNV12798			
CNV12819
CNV12824
CNV12825
CNV12833
CNV12834
